1048
21072
300454
22728
12990
13487
1169
299604
24945
16127
102
7
1608
13419
3460
20103
3326
13420
1264
1059
3628
537
21071
3143
97
1344
101
5085
24363
298435
1329
27895
24743
9059
300495
2938
3538
18781
28745
297962
27666
25454
19599
19693
16265
1196
6337
24142
873
27836
940
2294
28641
26627
23813
5880
29353
646
9074
25330
8013
23442
22660
2488
20769
297646
27466
7315
28639
29987
25326
19710
20768
98
2220
24741
17781
16228
12873
20232
28759
30865
13987
29819
1785
20807
20770
29242
25329
11487
1338
27148
11968
26480
155
1483
3669
15989
13258
16564
26927
3792
19909
13259
29084
18683
11489
299431
1620
297243
313
5084
24412
10325
30569
1927
25318
5716
27896
11795
3457
19595
26918
14854
301648
21798
12195
7959
13012
3441
1075
18677
15143
8014
1601
1336
22192
27900
26948
2893
15990
1821
4494
3281
24619
29243
24635
1491
4736
27894
25518
28632
29820
1332
24017
30795
868
20717
301990
28395
17756
25319
298688
12190
3160
24380
1201
3162
25409
18764
3159
2009
10226
2597
3456
1941
18877
8737
4564
28176
19867
27678
27427
22683
300413
25008
298380
5639
19261
3269
21129
22734
29701
22222
1612
27747
1330
2690
23716
1869
25825
601
298434
29938
298068
29241
299040
23114
12835
299385
17773
19227
29443
1792
27429
27902
9507
5955
21030
298275
3163
20267
23571
25005
19263
298782
29083
27906
12194
299541
10159
14235
20797
20863
12470
11049
4662
2669
25222
7131
298061
23527
298899
302033
28790
359
9448
11845
5411
25497
26491
19603
298654
299675
29263
24497
3828
298413
405
299677
4205
300955
25317
24286
2158
297833
297950
21031
24618
28746
3041
16727
3294
22508
27676
23676
5519
12946
14944
1630
24290
27025
6138
29812
7923
27903
1190
20254
301925
3668
779
20253
13014
13886
12832
1194
4422
24495
299136
14984
27558
1394
20281
19154
1373
30571
21212
12191
21546
1649
8020
2376
24433
23482
13013
17486
14817
20169
21034
3264
13011
30863
22690
19144
19284
24630
30873
2187
301926
573
300768
1488
27679
4209
22424
3199
26978
25495
17190
299332
20400
301864
5405
28699
30872
300190
28271
2704
25277
26173
30557
8815
16743
24991
26497
301160
25795
1600
300513
297346
29936
25498
25517
11631
300622
998
24014
16310
20665
22659
3801
25322
300436
19577
300420
299679
24195
326
19053
444
28404
19605
3140
30543
19600
30861
1621
19582
299774
1384
27087
4565
16569
12471
810
2285
5517
4886
8053
28339
5516
28384
301732
29176
5651
1236
300419
11488
14019
299331
1333
297544
12203
299330
297682
21210
4208
297344
9836
11909
8132
30860
15198
25145
27664
1569
7314
300715
1269
300517
18681
25122
299614
14093
300611
13995
367
4659
7957
28405
29616
25263
29136
4061
25358
25584
300061
298768
299024
301869
20502
27662
20278
12938
15101
10165
24620
300455
1366
298416
19262
299895
25702
24482
20903
4955
25291
300898
19256
29350
304
25478
4735
14006
27899
19255
13257
1473
298415
23405
300418
15985
12978
24629
4593
1626
397
20075
299751
20255
5515
1365
5148
298121
22684
6140
28096
20276
12287
27449
23569
30901
1433
4951
299925
298589
28304
14232
2670
5535
25822
300956
1389
3295
15103
300954
562
26184
22140
1863
24725
299678
8720
300437
297817
644
75
16557
358
20687
240
29783
575
301880
20761
28403
1313
13973
299298
25315
26728
8453
25006
14816
21629
297795
25486
298414
3544
1388
29795
299563
314
19546
301656
19706
299676
4064
22
300254
299293
3707
299381
24284
22849
22510
29036
301597
1382
21797
299752
302228
13895
372
13558
298429
298984
22860
2109
26
2733
298901
162
21796
298368
1387
23723
299452
1992
2703
15141
297306
4541
24990
1938
297654
25320
15035
23724
22509
8811
11484
298773
29366
3051
1368
2482
23483
3423
301347
21061
298437
5956
22804
300456
298904
1074
24989
25
5652
494
30864
5992
15015
6336
300491
301030
301629
22743
18665
26725
14234
20256
21362
21252
1383
30276
4887
27811
298986
21209
298076
849
297699
300502
300439
1375
3325
1993
298381
8731
29250
20266
5379
17772
10023
12039
5518
19235
19
20741
19373
21625
2740
30570
4350
300242
21033
28005
18212
300681
440
298075
1408
4933
300441
374
28575
19441
396
115
284
29811
21578
638
298833
26292
2213
24726
16583
28946
23711
15089
29255
16725
19594
16150
1990
5695
2513
2701
28943
299999
77
2512
300958
16149
1334
28168
3743
12899
1457
300528
1346
976
9290
10298
18269
302198
3161
28648
23616
1616
16042
24294
2393
19155
297929
318
18215
300003
1303
509
29805
6723
1726
23528
415
25051
668
299991
300975
698
29414
1789
301003
25462
18777
28942
8358
27854
6309
302126
22204
299564
1793
299509
19109
3125
25724
5512
3263
1001
21737
25287
6139
18783
29067
21256
28962
29247
6720
5428
8397
3419
10374
12834
299432
301658
908
297836
24816
2729
297590
300489
20529
28741
25029
22117
12019
13191
1680
164
30178
301592
298176
6416
24341
297797
19236
298452
6066
5739
299132
27101
25821
19597
1450
12954
706
297553
298902
24503
24818
4116
298545
4198
5954
109
29596
18291
28574
298903
25045
2727
13791
2655
298152
298222
22572
5219
28799
19052
3363
17487
20764
25420
320
24771
25819
2990
299305
14922
17837
11846
1126
22085
9665
1567
27431
14938
24166
12981
556
13986
20101
21257
300305
301628
12580
299155
301618
20356
22808
18549
26947
298900
29928
7128
20100
360
1249
106
299258
26968
12033
298543
1321
301613
14018
6153
6293
301354
297915
6143
19140
8365
27147
297917
3060
968
29181
17542
14397
645
302133
22585
22654
22682
19578
29822
5386
21060
28454
5412
21800
302
18827
2948
24483
804
298306
299536
19234
14688
301659
29042
299292
28215
373
299694
299705
16325
26197
5864
8011
12516
25873
1775
3278
25362
299863
27816
29257
302227
3361
22151
15982
25095
13865
27363
24365
29929
6634
5124
29416
23859
299515
297225
25262
20403
300894
27324
471
299284
7130
7955
29138
4940
299460
6260
12041
6828
22801
15158
299526
20763
297628
25022
25023
21028
297819
20258
9288
298303
7920
298834
301731
4527
14879
4130
26336
301725
30480
300101
3651
29810
27528
21628
301596
15096
28828
29962
16658
9287
298153
5365
8812
1247
3
30551
29515
2326
15402
5750
4356
21997
17499
7155
301032
28941
4908
28214
30874
298398
2351
23570
14947
637
298011
13484
24928
317
24220
24638
1969
9609
24175
19254
300220
25504
300512
880
800
25264
498
27507
25167
4524
17731
299114
24218
25314
302116
24222
19579
299380
18611
20394
17491
299514
23729
16552
4320
29661
299693
299527
299134
28945
299987
26085
19598
28965
10129
13925
3911
1153
24631
25861
8726
300404
301028
24567
25422
445
12718
300386
1451
6173
7961
24285
298777
14869
1150
820
300957
19213
4712
568
299151
29597
299861
2352
29778
27319
26083
29619
300738
3994
28646
9894
703
27904
29670
28523
299935
18706
22500
15829
17488
22802
21996
1925
28698
11374
6220
999
22122
12051
19750
4159
21712
29253
299316
165
302124
15088
24388
29448
25365
10938
297351
1894
299519
20762
29324
297237
29601
301162
23726
301598
27713
14445
300986
25600
4587
18944
13975
971
29254
29979
301530
10198
18663
19153
29415
28787
3542
1724
3695
821
11106
23400
24265
2019
1390
26175
5991
24612
11847
15508
299512
19259
24154
24350
30536
26156
3291
2460
4943
27663
1995
4339
302132
27636
1285
23177
29680
1725
2377
297552
3910
299919
9257
26008
23858
299315
18900
27376
12988
12080
26153
299860
10184
21239
23537
15095
14256
13167
2381
22972
297901
21259
14014
1970
29806
28529
882
27731
245
16169
11373
1268
11
5384
23842
298977
301158
3528
1994
300618
297814
301591
300247
22281
8992
14940
299241
904
25009
24999
299707
12967
448
29609
22116
13476
82
301861
300219
25328
299912
647
2731
7450
3141
18624
969
30878
28626
29847
1230
16586
25282
6689
1371
9795
11848
1290
30274
302128
29904
300425
20528
297542
13741
6222
6609
4087
6301
191
19407
302127
9394
14077
833
5953
19036
2545
13953
297834
26177
298770
9796
15
18664
21627
1765
20257
29403
25218
297639
29779
1625
14912
2359
30458
12147
299279
30884
29292
299994
297217
26468
299511
3413
27110
16584
879
301607
302067
3126
20694
23522
985
30846
25519
299173
5212
30025
27146
6086
13525
17524
300070
11360
30226
300235
23969
7696
298031
26179
29220
919
18394
1070
5192
26485
19253
2380
14846
2201
1432
27905
27705
902
1526
12602
301633
300987
300977
29593
4669
15039
15878
1186
6192
18141
297608
2013
5567
785
297110
12940
17339
300763
6141
1345
300492
298653
297786
6339
30078
300130
1306
12829
12833
298003
26178
299523
16369
17085
27127
15564
27088
14883
300917
13189
7504
12890
300767
21842
23572
15008
299988
1423
14121
17064
298713
25321
8938
300438
15983
298422
19245
361
25309
3553
297740
299692
1295
298730
18266
218
28961
30882
2910
21713
14832
300226
28436
14901
16606
28635
16088
2601
29736
4299
21766
25220
3142
190
300002
1897
300147
8896
300148
29192
297433
6266
16776
300006
26331
19248
299910
301862
12734
301706
12100
24140
28721
19649
301427
299758
18945
28968
3260
6267
26607
831
8072
27732
26229
298436
299753
299547
17854
299756
28
299491
298734
30337
27098
21952
12782
7040
22641
566
20174
299446
1732
1727
1896
14249
19246
24648
14561
10781
299534
18465
513
30909
18840
298006
27872
15636
29782
19257
297624
8017
25714
3348
298005
300991
21207
20753
20430
4656
24822
20082
302475
10
301657
27160
30793
27698
300210
300904
704
24890
26828
13974
25604
12362
29922
299766
20099
21799
299517
1975
14853
3556
17494
3938
299840
299803
25310
300005
297818
1337
297813
25083
22043
297363
15167
20437
54
569
29252
1340
28519
29744
299242
332
9862
25323
25485
300918
13884
28337
16311
24223
2280
25892
7954
11259
406
11896
297783
14750
6206
299998
23869
300680
24455
21421
29931
28988
8094
299712
5046
300390
27665
30871
301535
298794
29610
298054
16531
12895
23495
297825
1093
302068
1912
19566
299824
299501
28794
24616
18723
6326
26167
250
19239
20293
14009
22906
299500
28217
25998
299711
28424
21786
300444
300634
23130
2458
298544
16779
21636
19501
300719
27113
22871
23507
299159
19251
300182
300035
297769
17892
4668
298219
300128
29135
17063
297826
30540
300196
29986
9233
6167
21029
300388
12
300322
56
300177
1615
28954
15156
29802
2476
12288
1331
5752
25355
298067
13069
300421
23727
112
11168
1176
299538
302151
20178
25421
9252
11107
30556
28700
29613
17081
1009
299007
19408
24342
2144
21574
20431
18468
12966
9454
300984
280
18785
2623
21198
17902
1098
15105
1495
300371
302092
1147
3852
14017
301733
14839
25599
297589
7224
28636
300547
371
25219
302407
20272
13
30141
300127
6418
19645
15083
30876
25601
300385
26198
1710
300096
1973
18135
300206
302028
29183
17489
300643
20070
301600
29598
2667
302316
300981
8027
15800
1350
300913
25469
4595
301601
2188
301026
302130
4260
7032
12149
300164
25713
15802
30555
298799
6516
27102
300490
30899
4459
297816
26190
12146
1959
29637
13926
17
19524
12469
6663
20436
18119
26621
25856
12134
300464
18140
956
25482
18642
1986
3510
299257
9668
12989
26011
307
14886
4252
299426
299516
20084
29188
48
27502
299444
3555
1948
11200
15199
298792
1305
1343
2643
300755
27563
16597
29982
20173
2475
5514
1676
4711
11146
628
300222
29745
3592
7960
9251
301606
300384
17453
29007
308
20277
20829
298590
14
300757
5
25727
1361
30325
29855
29605
2588
1347
1244
300855
5086
300250
3581
300241
30856
29600
8645
22532
18623
300392
1262
30334
17860
13794
4296
28525
4353
19941
299638
24899
4491
25827
25468
27206
19014
18904
298302
12621
24345
20695
12725
298818
28959
26191
21175
21253
301529
300187
46
23477
21036
301644
27505
29953
19086
398
300519
27617
5655
300750
300184
299522
302226
2917
300214
300440
1690
23905
12950
24891
11108
25007
10202
300668
300674
25874
12905
2355
3859
19647
298073
89
301772
299448
876
26956
639
15528
300402
300880
13559
21258
299012
2263
29519
25824
18679
4145
20443
24642
297308
301611
300251
25830
23531
300223
17896
21194
154
21446
1581
117
300406
11101
18666
13881
27635
300518
14255
24236
23518
19426
2851
279
19618
299525
28524
11170
11375
297724
30885
25996
300656
21626
30559
20171
297926
298791
17545
1549
353
28441
2312
17080
19249
2705
299543
300907
300998
1694
845
2104
300788
298954
11109
301066
22735
300089
29591
299428
29696
29393
300985
25603
299913
301614
2399
539
23982
298707
14294
28380
30862
2913
301074
9340
301639
9895
25327
300448
4660
21631
11287
23532
4207
22182
299311
18949
23544
3661
14164
298307
19991
11370
300004
299308
25200
19074
19942
15671
29650
29606
3328
297242
26061
28797
25376
298980
4297
300612
26908
300586
18786
1539
2445
301637
300778
14632
298617
301829
8732
298790
29617
300906
19466
16324
12032
26460
2735
982
26147
297993
13560
29952
30410
301802
26436
299493
299736
2554
299521
2065
653
300197
297436
310
300248
300469
300821
299416
302233
11047
16045
52
15102
17544
299691
11664
300367
22507
2321
1898
4952
30855
297659
6415
6271
18838
300398
25002
300209
8892
300997
19005
22747
1867
300442
449
9513
300000
2736
19064
21632
21630
21634
27097
16536
301068
3312
29128
1862
25839
1543
24489
18009
300243
1788
9379
297106
29202
298610
1820
847
297764
9559
1441
12932
299990
13178
4158
301668
300195
29981
301021
27565
302153
300362
300497
29777
28948
29175
302069
17184
301225
19427
2728
297117
10383
2466
21274
1971
21254
15395
17732
23865
824
16049
7023
3201
17728
301029
1546
1364
707
1960
29174
11619
301616
10471
297910
28371
14928
29302
20578
301640
30886
7964
298983
297930
25864
22331
2363
299739
30807
2244
9345
14556
7491
17639
24278
6331
28216
297188
16050
2439
24203
24649
24347
298817
299864
16726
19198
300160
136
3588
2017
25722
300870
301899
301593
7468
86
31
299520
299524
26838
299131
27509
14107
26332
23508
8366
16323
9335
25466
2156
299909
1754
28234
298733
7522
611
50
299997
302386
297596
29251
30834
15092
302197
297760
1715
18886
300905
25283
298642
300801
2319
2354
2459
29394
298591
27609
300387
299545
23486
20772
26180
23725
25459
21709
3594
2936
6303
301435
9291
6840
2145
301531
300733
301728
5302
1720
29648
22811
300876
300183
12845
298419
300640
53
27923
24447
298289
29821
24200
299917
30
298560
14362
301430
299911
1409
19534
19252
298405
5520
1271
4170
2255
79
299709
298578
14177
19141
299625
7528
298264
18898
16999
300246
300667
24632
300098
299720
15918
7422
18548
299499
2591
299395
23764
1392
24872
25199
1105
24993
297588
29742
14302
299992
29509
29595
297927
15779
8123
298271
18884
14559
96
1233
5026
26154
8363
300578
22332
582
26798
14295
24765
9150
301921
3093
300671
1826
5751
300233
1974
297739
22719
28372
2097
29823
29365
301649
302289
297944
300445
1053
14015
26186
299985
298787
25602
15950
30073
300522
742
25463
1357
4029
1023
24996
21329
8918
29781
26891
16893
298508
19238
9653
299492
300468
25828
1968
24840
21246
10933
14011
27099
27451
22994
300748
300401
300446
297785
298062
300422
19034
21606
17725
18643
15831
299920
299510
17597
2552
27817
300496
66
1577
608
29961
299419
18817
7622
9712
27510
2479
173
29647
300447
299256
1817
28696
299028
1734
300762
3262
6333
22846
1568
15767
299122
28827
301595
7133
21792
300647
5746
2908
23492
299904
298559
2551
298281
27503
300909
13179
298577
1294
18897
14898
6205
23478
22530
299300
299283
298231
17327
300304
26489
302573
1810
17159
299302
28987
300375
25725
300646
299619
300912
37
28710
25001
27700
23481
12016
299781
21476
816
24279
3087
1489
565
300673
2730
11949
29291
27768
29307
11199
28279
1985
299120
30852
26049
13304
25203
29258
26835
301688
19434
1966
21419
299731
837
300451
297216
435
113
889
17079
299255
8364
300001
300692
14156
127
